0.0 2009-03-30T13:48:41.810025Z 1.39 0.776 16.008 9.0
0.0 2009-03-30T14:04:34.510025Z 1.27 0.969 19.987 9.0
0.0 2009-03-30T14:16:48.610025Z 1.05 0.645 13.293 9.0
0.0 2009-03-30T16:32:58.260022Z 0.99 0.477 9.817 5.0
0.0 2009-03-30T19:59:06.810022Z 1.01 0.51 10.487 9.0
0.0 2009-03-30T20:24:13.310026Z 0.55 0.475 9.603 5.0
0.0 2009-03-30T21:18:11.810026Z 0.2 0.585 11.847 6.0
0.0 2009-03-30T21:58:43.860026Z 0.83 0.526 10.634 5.0
0.0 2009-03-30T22:01:31.710026Z 0.05 0.536 10.84 6.0
0.0 2009-03-30T22:22:45.410026Z 0.01 0.566 11.446 5.0
0.0 2009-03-30T22:28:02.460026Z 0.07 0.542 10.973 6.0
0.0 2009-03-30T22:36:22.910026Z 0.17 0.53 10.725 6.0
0.0 2009-03-30T23:32:00.960026Z -0.04 0.583 11.792 6.0
1.0 2009-03-30T14:02:30.121037Z 0.82 0.468 10.186 7.0
1.0 2009-03-30T14:02:39.421037Z 0.77 0.501 10.891 6.0
1.0 2009-03-30T14:15:04.321037Z 1.45 0.945 20.555 9.0
1.0 2009-03-30T22:12:39.821038Z 0.45 0.596 12.725 7.0
1.0 2009-03-30T22:15:10.421038Z -0.02 0.447 9.549 5.0
10.0 2009-03-30T14:59:45.897807Z 0.44 0.68 17.314 8.0
10.0 2009-03-30T15:17:48.897807Z 0.43 0.56 14.264 8.0
10.0 2009-03-30T15:22:48.797807Z 0.45 0.51 12.986 8.0
10.0 2009-03-30T15:56:39.597807Z 0.44 0.547 13.927 7.0
10.0 2009-03-30T15:57:21.397807Z 0.91 0.942 23.988 9.0
10.0 2009-03-30T17:46:53.997804Z 0.31 0.491 12.602 6.0
10.0 2009-03-30T17:56:19.147804Z 0.61 0.49 12.563 8.0
10.0 2009-03-30T18:39:45.547804Z 0.46 0.521 13.373 8.0
10.0 2009-03-30T18:50:52.097804Z 0.31 0.529 13.57 7.0
10.0 2009-03-30T19:35:54.547804Z 0.5 0.52 13.331 8.0
10.0 2009-03-30T20:13:21.647808Z 0.87 0.827 20.917 9.0
10.0 2009-03-30T20:17:16.597808Z 0.26 0.502 12.695 6.0
10.0 2009-03-30T20:24:33.897808Z 0.35 0.472 11.931 7.0
10.0 2009-03-30T20:43:06.647808Z 1.38 0.733 18.539 9.0
10.0 2009-03-30T20:43:28.347808Z 0.72 0.512 12.931 8.0
10.0 2009-03-30T20:44:32.647808Z 0.44 0.557 14.087 7.0
10.0 2009-03-30T23:27:21.647808Z 0.26 0.544 13.741 6.0
10.0 2009-03-30T23:35:57.697808Z 0.22 0.495 12.511 6.0
11.0 2009-03-30T02:17:01.817805Z 0.98 0.443 11.457 5.0
11.0 2009-03-30T13:40:24.467802Z 1.33 0.49 11.794 4.0
11.0 2009-03-30T13:42:11.767802Z 0.8 0.48 11.558 5.0
11.0 2009-03-30T13:46:59.167802Z 0.82 0.448 10.783 4.0
11.0 2009-03-30T13:48:22.117802Z 0.9 0.421 10.128 6.0
11.0 2009-03-30T13:57:54.017802Z 1.02 0.522 12.564 6.0
11.0 2009-03-30T14:09:57.117802Z 1.03 0.378 9.101 4.0
11.0 2009-03-30T16:06:59.817799Z 1.56 0.906 21.518 9.0
12.0 2009-03-30T13:54:22.585430Z 0.96 0.649 13.056 8.0
12.0 2009-03-30T14:33:45.785430Z 1.59 0.763 15.344 9.0
12.0 2009-03-30T16:28:12.285427Z 1.38 0.945 19.018 9.0
12.0 2009-03-30T20:04:26.235431Z -0.01 0.502 10.128 6.0
12.0 2009-03-30T20:26:16.485431Z 0.93 0.456 9.185 5.0
12.0 2009-03-30T23:30:10.135431Z 0.29 0.529 10.657 6.0
13.0 2009-03-30T14:21:04.431443Z 0.88 0.452 11.751 4.0
13.0 2009-03-30T14:39:29.531443Z 1.4 0.453 11.765 6.0
13.0 2009-03-30T16:54:34.381440Z 0.9 0.491 12.752 7.0
13.0 2009-03-30T17:04:31.631440Z 1.34 0.909 23.584 9.0
13.0 2009-03-30T19:49:47.181440Z 0.66 0.497 12.889 5.0
13.0 2009-03-30T20:34:10.581444Z 0.89 0.626 16.305 8.0
13.0 2009-03-30T20:54:37.381444Z 0.03 0.438 11.405 6.0
13.0 2009-03-30T20:55:32.981444Z 0.69 0.458 11.944 6.0
13.0 2009-03-30T22:28:41.481444Z -0.15 0.458 11.921 5.0
13.0 2009-03-30T22:37:08.881444Z 0.02 0.374 9.746 5.0
13.0 2009-03-30T23:38:19.531444Z -0.27 0.381 9.923 4.0
14.0 2009-03-30T13:48:51.601129Z 1.01 0.427 9.854 5.0
14.0 2009-03-30T15:24:32.101129Z 0.85 0.397 9.155 3.0
14.0 2009-03-30T17:15:58.351126Z 1.25 0.922 21.587 9.0
14.0 2009-03-30T20:20:11.151130Z 1.64 0.55 12.77 7.0
14.0 2009-03-30T20:48:08.751130Z 0.67 0.424 9.841 4.0
14.0 2009-03-30T22:05:54.551130Z 0.63 0.462 10.717 4.0
15.0 2009-03-30T14:02:48.743603Z 0.6 0.432 9.803 4.0
15.0 2009-03-30T14:45:09.693603Z 0.79 0.417 9.465 5.0
15.0 2009-03-30T14:47:08.693603Z 1.91 0.616 13.979 8.0
15.0 2009-03-30T14:49:48.793603Z 0.77 0.469 10.64 5.0
15.0 2009-03-30T15:06:21.193603Z 0.87 0.535 12.14 6.0
15.0 2009-03-30T15:14:13.143603Z 1.18 0.407 9.23 3.0
15.0 2009-03-30T15:20:17.793603Z 1.61 0.538 12.205 6.0
15.0 2009-03-30T15:42:22.693603Z 0.73 0.513 11.643 6.0
15.0 2009-03-30T16:33:30.793600Z 1.04 0.452 10.357 3.0
15.0 2009-03-30T17:36:37.343600Z 0.45 0.497 11.411 5.0
15.0 2009-03-30T17:47:19.893600Z 1.42 0.923 21.181 9.0
15.0 2009-03-30T18:25:19.493600Z 0.81 0.452 10.362 5.0
15.0 2009-03-30T19:34:59.643600Z 0.96 0.543 12.445 6.0
15.0 2009-03-30T20:23:45.143604Z 1.34 0.587 13.326 8.0
15.0 2009-03-30T20:29:37.893604Z 0.87 0.48 10.903 4.0
15.0 2009-03-30T22:31:58.393604Z 0.02 0.41 9.306 3.0
15.0 2009-03-30T23:04:19.143604Z 0.45 0.534 12.135 5.0
15.0 2009-03-30T23:42:52.443604Z 0.4 0.533 12.101 6.0
16.0 2009-03-30T13:46:50.661185Z 1.05 0.387 8.358 5.0
16.0 2009-03-30T17:21:04.711182Z 1.21 0.457 9.828 5.0
16.0 2009-03-30T18:08:28.511182Z 0.97 0.932 20.043 9.0
16.0 2009-03-30T22:30:08.311186Z 0.93 0.503 10.791 6.0
17.0 2009-03-30T13:44:26.391039Z 1.16 0.49 12.582 6.0
17.0 2009-03-30T13:53:52.441039Z 0.6 0.382 9.827 3.0
17.0 2009-03-30T13:54:08.691039Z 0.13 0.344 8.848 3.0
17.0 2009-03-30T14:01:40.491039Z 0.7 0.56 14.389 7.0
17.0 2009-03-30T14:04:17.291039Z 0.41 0.544 13.967 7.0
17.0 2009-03-30T14:10:36.091039Z 0.47 0.56 14.375 6.0
17.0 2009-03-30T14:15:42.291039Z 0.71 0.656 16.844 9.0
17.0 2009-03-30T14:17:57.791039Z 0.46 0.461 11.834 6.0
17.0 2009-03-30T14:35:24.841039Z 0.59 0.498 12.786 8.0
17.0 2009-03-30T14:44:42.891039Z 0.53 0.376 9.67 4.0
17.0 2009-03-30T14:50:34.691039Z 0.6 0.581 14.93 7.0
17.0 2009-03-30T14:59:10.841039Z 0.04 0.444 11.401 6.0
17.0 2009-03-30T14:59:50.341039Z 0.29 0.405 10.417 6.0
17.0 2009-03-30T15:14:01.041039Z 1.2 0.579 14.877 7.0
17.0 2009-03-30T15:20:50.391039Z 0.71 0.514 13.195 5.0
17.0 2009-03-30T15:27:07.491039Z 1.89 0.573 14.714 6.0
17.0 2009-03-30T15:31:23.641039Z 0.56 0.448 11.504 3.0
17.0 2009-03-30T15:37:21.041039Z 0.96 0.521 13.382 7.0
17.0 2009-03-30T15:39:33.691039Z 0.38 0.394 10.115 4.0
17.0 2009-03-30T15:47:03.341039Z 0.44 0.578 14.855 6.0
17.0 2009-03-30T15:53:13.491039Z 1.1 0.502 12.89 6.0
17.0 2009-03-30T16:22:39.991036Z 0.6 0.492 12.519 5.0
17.0 2009-03-30T17:26:13.191036Z 0.59 0.518 13.192 5.0
17.0 2009-03-30T17:44:00.241037Z 1.14 0.613 15.59 7.0
17.0 2009-03-30T18:18:55.091036Z 0.22 0.461 11.721 5.0
17.0 2009-03-30T19:08:47.841037Z 0.38 0.435 11.058 4.0
17.0 2009-03-30T19:22:18.991036Z 0.52 0.473 12.045 5.0
17.0 2009-03-30T19:27:21.441037Z 1.24 0.914 23.264 9.0
17.0 2009-03-30T19:43:49.441037Z 0.62 0.482 12.264 5.0
17.0 2009-03-30T20:21:40.591041Z 1.27 0.571 14.411 7.0
17.0 2009-03-30T20:48:40.891041Z 1.06 0.581 14.675 7.0
17.0 2009-03-30T20:59:02.091041Z 0.61 0.426 10.761 4.0
17.0 2009-03-30T21:06:46.141040Z 0.79 0.546 13.786 5.0
17.0 2009-03-30T21:56:13.541040Z -0.14 0.451 11.379 5.0
17.0 2009-03-30T21:59:34.941040Z 0.04 0.497 12.54 6.0
17.0 2009-03-30T22:00:34.741040Z 0.29 0.464 11.72 6.0
17.0 2009-03-30T22:04:14.441040Z -0.02 0.511 12.903 7.0
17.0 2009-03-30T22:51:20.791041Z -0.15 0.393 9.918 5.0
17.0 2009-03-30T23:21:31.591041Z -0.3 0.514 12.971 5.0
18.0 2009-03-30T19:30:00.383568Z 1.46 0.629 12.799 8.0
18.0 2009-03-30T19:52:48.483568Z 1.18 0.96 19.546 9.0
18.0 2009-03-30T20:43:20.583572Z 1.7 0.592 11.914 8.0
18.0 2009-03-30T20:43:33.683572Z 1.37 0.577 11.628 7.0
18.0 2009-03-30T21:19:53.783572Z 0.82 0.452 9.105 7.0
18.0 2009-03-30T21:59:58.283572Z 1.01 0.578 11.64 8.0
19.0 2009-03-30T13:54:34.302849Z 0.85 0.57 12.783 6.0
19.0 2009-03-30T14:11:04.902849Z 2.41 0.552 12.376 8.0
19.0 2009-03-30T15:26:20.602849Z 1.08 0.61 13.667 7.0
19.0 2009-03-30T15:58:55.052849Z 0.96 0.425 9.536 4.0
19.0 2009-03-30T19:36:14.702846Z 0.79 0.474 10.755 4.0
19.0 2009-03-30T19:50:21.702846Z 0.9 0.488 11.075 6.0
19.0 2009-03-30T20:23:36.852850Z 1.13 0.933 20.709 9.0
19.0 2009-03-30T20:27:32.202850Z 0.59 0.513 11.38 5.0
19.0 2009-03-30T22:29:25.352850Z -0.23 0.471 10.465 5.0
2.0 2009-03-30T13:41:23.495303Z 1.93 0.603 15.775 9.0
2.0 2009-03-30T13:43:27.495303Z 3.33 0.525 13.741 8.0
2.0 2009-03-30T13:48:02.695303Z 0.63 0.674 17.625 9.0
2.0 2009-03-30T13:50:36.095303Z 0.8 0.705 18.447 9.0
2.0 2009-03-30T13:51:05.195303Z 0.24 0.504 13.18 6.0
2.0 2009-03-30T13:51:19.645303Z 0.29 0.492 12.882 6.0
2.0 2009-03-30T13:51:23.995303Z 0.0 0.398 10.411 7.0
2.0 2009-03-30T13:51:35.595303Z 0.24 0.564 14.762 7.0
2.0 2009-03-30T13:57:10.145303Z 1.45 0.751 19.655 9.0
2.0 2009-03-30T14:02:59.595303Z 0.32 0.485 12.681 6.0
2.0 2009-03-30T14:05:37.295303Z 0.1 0.445 11.647 6.0
2.0 2009-03-30T14:06:55.745303Z 0.07 0.508 13.294 6.0
2.0 2009-03-30T14:07:51.945303Z 1.14 0.724 18.941 9.0
2.0 2009-03-30T14:08:11.445303Z -0.02 0.446 11.673 6.0
2.0 2009-03-30T14:09:53.445303Z 0.46 0.519 13.584 7.0
2.0 2009-03-30T14:10:44.945303Z 2.21 0.583 15.249 7.0
2.0 2009-03-30T14:13:04.595303Z 0.56 0.543 14.207 8.0
2.0 2009-03-30T14:16:06.345303Z 1.56 0.916 23.969 9.0
2.0 2009-03-30T14:16:42.945303Z 0.42 0.64 16.752 8.0
2.0 2009-03-30T14:25:53.945303Z 0.27 0.484 12.669 6.0
2.0 2009-03-30T14:25:58.095303Z 0.07 0.397 10.386 6.0
2.0 2009-03-30T14:28:04.395303Z -0.27 0.431 11.274 7.0
2.0 2009-03-30T14:30:14.945303Z 0.63 0.703 18.391 8.0
2.0 2009-03-30T14:31:47.545303Z 0.35 0.453 11.854 6.0
2.0 2009-03-30T14:34:24.545303Z 0.4 0.599 15.663 7.0
2.0 2009-03-30T14:37:00.595303Z 2.15 0.607 15.866 9.0
2.0 2009-03-30T14:38:15.495303Z 0.0 0.458 11.992 7.0
2.0 2009-03-30T14:39:11.345303Z 0.69 0.669 17.489 8.0
2.0 2009-03-30T14:46:17.795303Z 0.39 0.603 15.769 8.0
2.0 2009-03-30T14:47:49.645303Z 0.12 0.54 14.131 7.0
2.0 2009-03-30T14:51:31.495303Z 0.59 0.516 13.489 7.0
2.0 2009-03-30T14:54:56.845303Z -0.08 0.436 11.399 6.0
2.0 2009-03-30T14:59:27.695303Z 0.66 0.746 19.503 9.0
2.0 2009-03-30T15:12:45.495303Z -0.23 0.324 8.472 4.0
2.0 2009-03-30T15:30:41.545303Z 0.51 0.452 11.833 6.0
2.0 2009-03-30T15:30:46.645303Z 0.77 0.481 12.58 7.0
2.0 2009-03-30T15:35:56.395303Z 0.21 0.422 11.033 5.0
2.0 2009-03-30T15:36:53.545303Z 0.29 0.535 13.989 6.0
2.0 2009-03-30T15:37:09.445303Z 1.04 0.56 14.656 7.0
2.0 2009-03-30T15:54:04.695303Z 0.68 0.541 14.154 7.0
2.0 2009-03-30T16:16:28.945300Z 0.32 0.41 10.714 4.0
2.0 2009-03-30T16:47:05.495300Z 0.84 0.508 13.273 7.0
2.0 2009-03-30T17:12:12.795300Z 0.57 0.374 9.767 4.0
2.0 2009-03-30T17:14:03.695300Z 0.37 0.526 13.731 7.0
2.0 2009-03-30T17:25:19.395300Z -0.28 0.498 13.003 6.0
2.0 2009-03-30T18:25:47.295300Z 0.03 0.52 13.573 6.0
2.0 2009-03-30T18:49:05.345300Z -0.03 0.574 15.002 6.0
2.0 2009-03-30T18:51:19.095300Z 0.3 0.48 12.533 6.0
2.0 2009-03-30T18:57:10.045300Z 0.3 0.587 15.336 7.0
2.0 2009-03-30T19:08:57.845300Z 0.19 0.407 10.631 5.0
2.0 2009-03-30T19:10:11.495300Z 0.85 0.673 17.589 8.0
2.0 2009-03-30T19:12:32.895300Z 0.82 0.642 16.773 9.0
2.0 2009-03-30T19:15:22.995300Z 0.71 0.602 15.722 9.0
2.0 2009-03-30T19:20:02.795300Z 0.71 0.61 15.927 8.0
2.0 2009-03-30T19:36:47.445300Z 0.07 0.433 11.3 5.0
2.0 2009-03-30T20:17:51.795304Z 1.15 0.686 17.643 8.0
2.0 2009-03-30T21:03:12.395304Z -0.18 0.409 10.518 4.0
2.0 2009-03-30T21:06:51.645304Z 1.12 0.715 18.374 9.0
2.0 2009-03-30T21:46:56.395304Z 0.19 0.423 10.873 6.0
2.0 2009-03-30T22:05:27.095304Z -0.24 0.449 11.537 6.0
2.0 2009-03-30T22:09:43.095304Z -0.15 0.565 14.517 7.0
2.0 2009-03-30T22:17:52.345304Z -0.59 0.406 10.438 6.0
2.0 2009-03-30T22:31:19.995304Z -0.05 0.583 14.998 6.0
2.0 2009-03-30T22:40:04.295304Z 0.19 0.487 12.512 5.0
2.0 2009-03-30T22:42:06.595304Z -0.33 0.537 13.801 7.0
2.0 2009-03-30T22:50:21.295304Z 0.05 0.485 12.482 5.0
20.0 2009-03-30T13:46:17.313276Z 1.03 0.501 9.765 6.0
20.0 2009-03-30T14:12:51.663276Z 0.85 0.465 9.065 6.0
20.0 2009-03-30T20:06:47.613277Z 0.83 0.575 11.215 7.0
20.0 2009-03-30T21:35:55.963277Z 0.98 0.965 18.822 9.0
21.0 2009-03-30T18:15:47.559096Z 1.96 0.762 16.896 9.0
21.0 2009-03-30T19:25:58.859096Z 1.03 0.458 10.159 6.0
21.0 2009-03-30T21:37:24.459096Z 1.26 0.972 21.553 9.0
22.0 2009-03-30T15:05:24.524370Z 0.76 0.439 12.034 5.0
22.0 2009-03-30T22:08:12.724371Z 1.18 0.929 24.6 9.0
23.0 2009-03-30T14:02:20.255616Z 1.13 0.696 16.676 9.0
23.0 2009-03-30T14:03:19.705616Z 0.92 0.464 11.124 8.0
23.0 2009-03-30T14:22:18.305616Z 0.81 0.42 10.06 8.0
23.0 2009-03-30T15:13:27.055616Z 0.91 0.514 12.311 7.0
23.0 2009-03-30T15:19:31.655616Z 1.07 0.467 11.195 4.0
23.0 2009-03-30T15:24:58.555616Z 0.57 0.407 9.748 6.0
23.0 2009-03-30T16:46:08.555613Z 1.03 0.533 12.625 8.0
23.0 2009-03-30T17:25:30.955613Z 0.57 0.608 14.404 8.0
23.0 2009-03-30T18:08:41.105613Z 0.7 0.55 13.026 9.0
23.0 2009-03-30T18:36:54.205613Z 0.71 0.562 13.306 8.0
23.0 2009-03-30T19:05:29.405613Z 3.53 0.481 11.383 5.0
23.0 2009-03-30T19:07:44.305613Z 0.83 0.482 11.41 7.0
23.0 2009-03-30T19:08:22.755613Z 1.81 0.756 17.911 9.0
23.0 2009-03-30T19:10:00.355613Z 1.17 0.652 15.44 7.0
23.0 2009-03-30T19:10:35.855613Z 1.72 0.69 16.349 8.0
23.0 2009-03-30T19:10:58.355613Z 0.64 0.518 12.26 6.0
23.0 2009-03-30T19:15:38.355613Z 0.72 0.596 14.112 8.0
23.0 2009-03-30T19:32:52.505613Z 2.94 0.715 16.94 9.0
23.0 2009-03-30T19:41:34.105613Z 0.99 0.61 14.449 8.0
23.0 2009-03-30T19:48:06.055613Z 0.1 0.432 10.227 6.0
23.0 2009-03-30T20:07:48.655617Z 0.48 0.447 10.339 5.0
23.0 2009-03-30T20:22:23.505617Z 1.07 0.567 13.108 7.0
23.0 2009-03-30T20:37:55.055617Z 1.17 0.599 13.842 9.0
23.0 2009-03-30T20:52:45.705617Z 0.72 0.551 12.728 7.0
23.0 2009-03-30T21:17:27.705617Z 1.83 0.713 16.477 9.0
23.0 2009-03-30T21:38:34.305617Z 0.47 0.679 15.698 8.0
23.0 2009-03-30T22:01:51.905617Z 0.55 0.557 12.866 8.0
23.0 2009-03-30T22:06:16.555617Z 0.19 0.413 9.533 5.0
23.0 2009-03-30T22:13:13.755617Z 0.01 0.437 10.096 6.0
23.0 2009-03-30T22:18:38.955617Z 1.06 0.952 22.005 9.0
23.0 2009-03-30T22:26:44.005617Z -0.06 0.482 11.137 7.0
23.0 2009-03-30T23:11:07.105617Z 1.0 0.631 14.579 8.0
23.0 2009-03-30T23:11:51.905617Z 0.48 0.486 11.238 5.0
23.0 2009-03-30T23:17:39.355617Z 0.02 0.542 12.53 6.0
23.0 2009-03-30T23:35:23.655617Z 0.16 0.524 12.103 6.0
23.0 2009-03-30T23:46:13.705617Z 1.21 0.651 15.045 9.0
23.0 2009-03-30T23:51:00.655617Z 0.26 0.461 10.655 4.0
23.0 2009-03-30T23:53:37.855617Z 0.08 0.4 9.233 4.0
24.0 2009-03-30T21:24:29.554877Z 1.13 0.548 13.196 9.0
24.0 2009-03-30T22:52:12.904877Z 0.95 0.96 23.12 9.0
25.0 2009-03-30T23:21:59.312270Z 0.99 0.972 18.223 9.0
26.0 2009-03-30T20:18:26.137434Z 0.82 0.458 10.939 3.0
26.0 2009-03-30T20:27:04.837434Z 0.7 0.453 10.821 3.0
26.0 2009-03-30T23:07:45.837434Z 0.07 0.488 11.66 7.0
26.0 2009-03-30T23:14:03.287434Z 0.29 0.483 11.524 5.0
26.0 2009-03-30T23:16:28.887434Z 0.28 0.66 15.765 6.0
26.0 2009-03-30T23:22:41.337434Z -0.05 0.444 10.609 6.0
26.0 2009-03-30T23:34:00.337434Z 0.3 0.501 11.97 5.0
26.0 2009-03-30T23:55:27.637434Z 0.02 0.416 9.931 6.0
26.0 2009-03-30T23:55:39.987434Z 1.08 0.945 22.555 9.0
26.0 2009-03-30T23:57:57.937434Z 0.77 0.412 9.839 3.0
3.0 2009-03-30T13:47:50.436133Z 0.95 0.47 13.356 7.0
3.0 2009-03-30T13:49:36.136133Z 0.82 0.665 18.911 9.0
3.0 2009-03-30T13:53:01.186133Z 0.71 0.645 18.325 6.0
3.0 2009-03-30T13:59:27.886133Z 0.92 0.673 19.125 9.0
3.0 2009-03-30T14:00:23.336133Z 0.67 0.455 12.935 6.0
3.0 2009-03-30T14:01:09.686133Z 1.83 0.646 18.361 9.0
3.0 2009-03-30T14:09:13.286133Z 0.41 0.483 13.725 6.0
3.0 2009-03-30T14:13:24.136133Z 0.98 0.502 14.268 8.0
3.0 2009-03-30T14:17:01.736133Z 1.38 0.903 25.662 9.0
3.0 2009-03-30T14:19:12.886133Z 1.11 0.596 16.943 8.0
3.0 2009-03-30T14:22:34.036133Z 0.59 0.353 10.033 3.0
3.0 2009-03-30T14:28:25.936133Z 0.49 0.39 11.092 6.0
3.0 2009-03-30T14:30:26.286133Z 0.58 0.377 10.72 5.0
3.0 2009-03-30T14:35:19.886133Z 0.87 0.569 16.177 7.0
3.0 2009-03-30T14:39:41.836133Z 1.07 0.577 16.396 8.0
3.0 2009-03-30T14:40:06.836133Z 0.59 0.434 12.324 6.0
3.0 2009-03-30T14:47:42.336133Z 0.51 0.478 13.594 6.0
3.0 2009-03-30T14:50:02.536133Z 2.08 0.647 18.381 8.0
3.0 2009-03-30T14:52:39.736133Z 0.34 0.384 10.914 4.0
3.0 2009-03-30T14:54:52.286133Z 0.29 0.361 10.246 5.0
3.0 2009-03-30T14:58:19.936133Z 0.33 0.341 9.693 4.0
3.0 2009-03-30T15:00:04.986133Z 0.42 0.428 12.152 7.0
3.0 2009-03-30T15:08:48.636133Z 0.51 0.406 11.536 4.0
3.0 2009-03-30T15:11:15.386133Z 0.56 0.356 10.13 3.0
3.0 2009-03-30T15:23:15.436133Z 0.78 0.424 12.051 4.0
3.0 2009-03-30T15:51:09.286133Z 1.63 0.651 18.493 8.0
3.0 2009-03-30T16:13:20.186130Z 0.9 0.455 12.896 5.0
3.0 2009-03-30T16:14:24.436130Z 2.09 0.516 14.634 8.0
3.0 2009-03-30T16:26:13.386130Z 0.66 0.398 11.295 4.0
3.0 2009-03-30T17:08:05.786130Z 0.5 0.372 10.545 4.0
3.0 2009-03-30T17:52:16.686130Z 0.74 0.411 11.659 4.0
3.0 2009-03-30T18:46:38.586130Z 0.3 0.457 12.955 6.0
3.0 2009-03-30T19:12:07.136130Z 2.13 0.561 15.9 7.0
3.0 2009-03-30T19:15:05.386130Z 0.31 0.426 12.084 5.0
3.0 2009-03-30T19:27:41.336130Z 0.5 0.494 14.009 4.0
3.0 2009-03-30T19:37:18.136130Z 0.21 0.431 12.207 6.0
3.0 2009-03-30T19:41:05.786130Z 0.54 0.375 10.631 4.0
3.0 2009-03-30T20:14:23.936134Z 0.66 0.396 11.02 4.0
3.0 2009-03-30T21:05:35.636134Z 0.02 0.399 11.092 5.0
3.0 2009-03-30T21:48:39.086134Z -0.01 0.39 10.85 5.0
3.0 2009-03-30T22:01:44.186134Z -0.14 0.371 10.309 5.0
3.0 2009-03-30T22:05:22.186134Z -0.21 0.426 11.85 6.0
3.0 2009-03-30T22:06:50.486134Z -0.06 0.394 10.951 5.0
3.0 2009-03-30T22:25:12.036134Z 0.66 0.493 13.711 5.0
3.0 2009-03-30T23:51:34.886134Z 0.28 0.352 9.789 5.0
3.0 2009-03-30T23:59:11.236134Z -0.2 0.442 12.284 6.0
4.0 2009-03-30T14:35:16.757337Z 1.24 0.956 23.437 12.0
5.0 2009-03-30T14:42:23.299970Z 1.27 0.927 20.582 9.0
5.0 2009-03-30T21:30:51.849971Z 0.51 0.538 11.934 9.0
6.0 2009-03-30T13:49:20.305659Z 0.3 0.462 10.44 6.0
6.0 2009-03-30T13:58:16.205659Z 0.51 0.441 9.965 6.0
6.0 2009-03-30T14:07:16.705659Z 0.11 0.428 9.668 7.0
6.0 2009-03-30T14:10:16.655659Z 0.49 0.581 13.131 7.0
6.0 2009-03-30T14:19:32.955659Z 1.26 0.597 13.484 7.0
6.0 2009-03-30T14:23:44.905659Z 0.7 0.563 12.721 6.0
6.0 2009-03-30T14:27:29.955659Z 0.71 0.469 10.602 6.0
6.0 2009-03-30T14:37:54.755659Z 0.48 0.592 13.366 7.0
6.0 2009-03-30T14:42:34.605659Z 0.45 0.398 8.99 5.0
6.0 2009-03-30T14:48:50.455659Z 0.56 0.503 11.354 6.0
6.0 2009-03-30T14:52:15.705659Z 0.71 0.551 12.449 6.0
6.0 2009-03-30T14:54:13.605659Z 0.28 0.523 11.801 7.0
6.0 2009-03-30T15:10:34.705659Z 1.19 0.95 21.459 9.0
6.0 2009-03-30T15:45:49.105659Z 0.61 0.417 9.425 5.0
6.0 2009-03-30T17:24:38.605656Z 0.41 0.642 14.539 6.0
6.0 2009-03-30T18:32:47.755656Z 1.03 0.453 10.254 6.0
6.0 2009-03-30T18:50:39.155656Z 0.63 0.395 8.946 5.0
6.0 2009-03-30T18:55:12.955656Z 0.29 0.567 12.83 6.0
6.0 2009-03-30T19:20:57.705656Z 0.87 0.486 10.996 6.0
6.0 2009-03-30T19:32:16.405656Z -0.18 0.489 11.063 6.0
6.0 2009-03-30T20:22:03.755660Z 0.67 0.44 9.846 4.0
6.0 2009-03-30T21:14:31.855660Z 0.42 0.539 12.047 6.0
6.0 2009-03-30T21:20:55.455660Z -0.23 0.514 11.478 7.0
6.0 2009-03-30T21:52:52.655660Z 0.35 0.486 10.868 6.0
6.0 2009-03-30T22:00:23.355660Z -0.14 0.446 9.978 6.0
6.0 2009-03-30T22:03:41.555660Z -0.22 0.514 11.495 6.0
6.0 2009-03-30T22:07:56.505660Z 0.13 0.575 12.854 6.0
6.0 2009-03-30T22:11:00.655660Z -0.23 0.501 11.194 5.0
6.0 2009-03-30T22:13:03.305660Z 0.06 0.549 12.271 6.0
6.0 2009-03-30T22:43:05.255660Z -0.28 0.455 10.164 5.0
6.0 2009-03-30T22:45:45.705660Z -0.27 0.48 10.725 5.0
6.0 2009-03-30T22:51:11.655660Z -0.03 0.522 11.676 6.0
6.0 2009-03-30T22:52:17.305660Z 0.48 0.425 9.49 4.0
6.0 2009-03-30T23:01:41.855660Z -0.23 0.481 10.74 6.0
6.0 2009-03-30T23:02:18.655660Z -0.12 0.562 12.556 6.0
6.0 2009-03-30T23:25:01.005660Z 0.84 0.593 13.247 6.0
6.0 2009-03-30T23:45:01.055660Z 0.11 0.568 12.693 6.0
7.0 2009-03-30T14:40:39.614544Z 0.47 0.42 11.23 3.0
7.0 2009-03-30T15:21:02.264544Z 0.86 0.926 24.771 9.0
7.0 2009-03-30T20:05:51.964545Z 0.62 0.482 12.742 6.0
7.0 2009-03-30T20:20:37.514545Z 0.38 0.372 9.838 4.0
7.0 2009-03-30T23:04:35.614545Z -0.04 0.367 9.683 4.0
8.0 2009-03-30T13:40:36.207386Z 2.01 0.64 15.178 8.0
8.0 2009-03-30T13:43:21.807386Z 1.5 0.498 11.815 7.0
8.0 2009-03-30T13:45:57.407386Z 2.06 0.711 16.859 8.0
8.0 2009-03-30T13:50:47.257386Z 1.1 0.558 13.238 8.0
8.0 2009-03-30T14:14:37.907386Z 1.88 0.613 14.532 8.0
8.0 2009-03-30T14:17:32.257386Z 1.29 0.637 15.094 8.0
8.0 2009-03-30T14:57:49.407386Z 1.33 0.72 17.06 8.0
8.0 2009-03-30T15:29:31.007386Z 0.86 0.382 9.047 4.0
8.0 2009-03-30T15:37:13.257386Z 1.58 0.433 10.271 7.0
8.0 2009-03-30T15:40:05.607386Z 1.39 0.953 22.596 9.0
8.0 2009-03-30T15:54:44.857386Z 1.7 0.696 16.49 8.0
8.0 2009-03-30T16:02:37.757383Z 1.02 0.489 11.538 5.0
8.0 2009-03-30T16:53:07.657383Z 0.93 0.583 13.777 7.0
8.0 2009-03-30T16:54:43.207383Z 1.05 0.416 9.817 4.0
8.0 2009-03-30T16:57:24.557383Z 2.89 0.621 14.674 8.0
8.0 2009-03-30T17:00:44.157383Z 0.92 0.481 11.359 7.0
8.0 2009-03-30T17:13:31.307383Z 1.76 0.615 14.517 8.0
8.0 2009-03-30T17:20:52.457383Z 0.8 0.421 9.941 5.0
8.0 2009-03-30T17:26:57.107383Z 1.21 0.612 14.452 8.0
8.0 2009-03-30T17:37:05.457383Z 0.77 0.449 10.595 5.0
8.0 2009-03-30T18:14:22.357383Z 2.0 0.613 14.478 8.0
8.0 2009-03-30T18:22:28.907383Z 1.16 0.496 11.723 5.0
8.0 2009-03-30T18:28:36.157383Z 1.11 0.607 14.335 8.0
8.0 2009-03-30T19:05:21.607383Z 1.01 0.593 14.005 6.0
8.0 2009-03-30T19:06:05.907383Z 1.84 0.504 11.908 6.0
8.0 2009-03-30T19:12:20.257383Z 1.37 0.482 11.391 6.0
8.0 2009-03-30T19:13:34.057383Z 2.63 0.718 16.948 8.0
8.0 2009-03-30T19:14:38.807383Z 0.98 0.47 11.088 7.0
8.0 2009-03-30T19:20:20.457383Z 1.26 0.615 14.531 8.0
8.0 2009-03-30T19:20:32.207383Z 2.47 0.637 15.052 8.0
8.0 2009-03-30T20:04:45.357387Z 2.79 0.664 15.311 8.0
8.0 2009-03-30T20:06:33.407387Z 0.96 0.523 12.066 6.0
8.0 2009-03-30T20:12:34.857387Z 1.31 0.609 14.047 8.0
8.0 2009-03-30T20:41:33.607387Z 1.02 0.558 12.87 6.0
8.0 2009-03-30T21:04:06.357387Z 0.86 0.468 10.794 6.0
8.0 2009-03-30T21:24:52.907387Z 0.21 0.443 10.205 5.0
8.0 2009-03-30T21:38:01.007387Z 0.16 0.414 9.535 4.0
8.0 2009-03-30T22:04:40.957387Z 1.83 0.551 12.712 8.0
8.0 2009-03-30T22:11:26.357387Z 0.33 0.403 9.299 4.0
8.0 2009-03-30T23:19:32.157387Z 0.14 0.386 8.893 5.0
9.0 2009-03-30T13:59:05.924650Z 0.67 0.423 10.119 4.0
9.0 2009-03-30T15:53:05.374651Z 1.14 0.934 22.37 9.0
