2009 3 30 13 40 36.207386 2.01 0.64 15.178 8 42.33182 13.32714 6.21 8.0
2009 3 30 13 41 23.495303 1.93 0.603 15.775 2 42.32878 13.39447 9.61 9.0
2009 3 30 13 43 21.807386 1.5 0.498 11.815 8 42.33182 13.32714 6.21 7.0
2009 3 30 13 43 27.495303 3.33 0.525 13.741 2 42.32878 13.39447 9.61 8.0
2009 3 30 13 45 57.407386 2.06 0.711 16.859 8 42.33182 13.32714 6.21 8.0
2009 3 30 13 47 50.436133 0.95 0.47 13.356 3 42.31941 13.40577 5.37 7.0
2009 3 30 13 48 2.695303 0.63 0.674 17.625 2 42.32878 13.39447 9.61 9.0
2009 3 30 13 48 41.810025 1.39 0.776 16.008 0 42.38842 13.38347 11.18 9.0
2009 3 30 13 49 36.136133 0.82 0.665 18.911 3 42.31941 13.40577 5.37 9.0
2009 3 30 13 50 36.095303 0.8 0.705 18.447 2 42.32878 13.39447 9.61 9.0
2009 3 30 13 50 47.257386 1.1 0.558 13.238 8 42.33182 13.32714 6.21 8.0
2009 3 30 13 51 23.995303 0.0 0.398 10.411 2 42.32878 13.39447 9.61 7.0
2009 3 30 13 51 35.595303 0.24 0.564 14.762 2 42.32878 13.39447 9.61 7.0
2009 3 30 13 54 22.585430 0.96 0.649 13.056 12 42.31771 13.37035 10.57 8.0
2009 3 30 13 57 10.145303 1.45 0.751 19.655 2 42.32878 13.39447 9.61 9.0
2009 3 30 13 59 27.886133 0.92 0.673 19.125 3 42.31941 13.40577 5.37 9.0
2009 3 30 14 1 9.686133 1.83 0.646 18.361 3 42.31941 13.40577 5.37 9.0
2009 3 30 14 1 40.491039 0.7 0.56 14.389 17 42.32332 13.39272 8.67 7.0
2009 3 30 14 2 20.255616 1.13 0.696 16.676 23 42.30452 13.38779 6.69 9.0
2009 3 30 14 2 30.121037 0.82 0.468 10.186 1 42.33004 13.38981 9.17 7.0
2009 3 30 14 3 19.705616 0.92 0.464 11.124 23 42.30452 13.38779 6.69 8.0
2009 3 30 14 4 17.291039 0.41 0.544 13.967 17 42.32332 13.39272 8.67 7.0
2009 3 30 14 4 34.510025 1.27 0.969 19.987 0 42.38842 13.38347 11.18 9.0
2009 3 30 14 7 16.705659 0.11 0.428 9.668 6 42.31381 13.38686 6.27 7.0
2009 3 30 14 7 51.945303 1.14 0.724 18.941 2 42.32878 13.39447 9.61 9.0
2009 3 30 14 9 53.445303 0.46 0.519 13.584 2 42.32878 13.39447 9.61 7.0
2009 3 30 14 10 16.655659 0.49 0.581 13.131 6 42.31381 13.38686 6.27 7.0
2009 3 30 14 10 44.945303 2.21 0.583 15.249 2 42.32878 13.39447 9.61 7.0
2009 3 30 14 11 4.902849 2.41 0.552 12.376 19 42.342 13.39902 9.79 8.0
2009 3 30 14 13 4.595303 0.56 0.543 14.207 2 42.32878 13.39447 9.61 8.0
2009 3 30 14 13 24.136133 0.98 0.502 14.268 3 42.31941 13.40577 5.37 8.0
2009 3 30 14 14 37.907386 1.88 0.613 14.532 8 42.33182 13.32714 6.21 8.0
2009 3 30 14 15 4.321037 1.45 0.945 20.555 1 42.33004 13.38981 9.17 9.0
2009 3 30 14 15 42.291039 0.71 0.656 16.844 17 42.32332 13.39272 8.67 9.0
2009 3 30 14 16 6.345303 1.56 0.916 23.969 2 42.32878 13.39447 9.61 9.0
2009 3 30 14 16 42.945303 0.42 0.64 16.752 2 42.32878 13.39447 9.61 8.0
2009 3 30 14 16 48.610025 1.05 0.645 13.293 0 42.38842 13.38347 11.18 9.0
2009 3 30 14 17 1.736133 1.38 0.903 25.662 3 42.31941 13.40577 5.37 9.0
2009 3 30 14 17 32.257386 1.29 0.637 15.094 8 42.33182 13.32714 6.21 8.0
2009 3 30 14 19 12.886133 1.11 0.596 16.943 3 42.31941 13.40577 5.37 8.0
2009 3 30 14 19 32.955659 1.26 0.597 13.484 6 42.31381 13.38686 6.27 7.0
2009 3 30 14 22 18.305616 0.81 0.42 10.06 23 42.30452 13.38779 6.69 8.0
2009 3 30 14 28 4.395303 -0.27 0.431 11.274 2 42.32878 13.39447 9.61 7.0
2009 3 30 14 30 14.945303 0.63 0.703 18.391 2 42.32878 13.39447 9.61 8.0
2009 3 30 14 33 45.785430 1.59 0.763 15.344 12 42.31771 13.37035 10.57 9.0
2009 3 30 14 34 24.545303 0.4 0.599 15.663 2 42.32878 13.39447 9.61 7.0
2009 3 30 14 35 16.757337 1.24 0.956 23.437 4 42.59639 13.36791 5.71 12.0
2009 3 30 14 35 19.886133 0.87 0.569 16.177 3 42.31941 13.40577 5.37 7.0
2009 3 30 14 35 24.841039 0.59 0.498 12.786 17 42.32332 13.39272 8.67 8.0
2009 3 30 14 37 0.595303 2.15 0.607 15.866 2 42.32878 13.39447 9.61 9.0
2009 3 30 14 37 54.755659 0.48 0.592 13.366 6 42.31381 13.38686 6.27 7.0
2009 3 30 14 38 15.495303 0.0 0.458 11.992 2 42.32878 13.39447 9.61 7.0
2009 3 30 14 39 11.345303 0.69 0.669 17.489 2 42.32878 13.39447 9.61 8.0
2009 3 30 14 39 41.836133 1.07 0.577 16.396 3 42.31941 13.40577 5.37 8.0
2009 3 30 14 42 23.299970 1.27 0.927 20.582 5 42.256 13.45651 5.62 9.0
2009 3 30 14 46 17.795303 0.39 0.603 15.769 2 42.32878 13.39447 9.61 8.0
2009 3 30 14 47 8.693603 1.91 0.616 13.979 15 42.34201 13.41437 7.12 8.0
2009 3 30 14 47 49.645303 0.12 0.54 14.131 2 42.32878 13.39447 9.61 7.0
2009 3 30 14 50 2.536133 2.08 0.647 18.381 3 42.31941 13.40577 5.37 8.0
2009 3 30 14 50 34.691039 0.6 0.581 14.93 17 42.32332 13.39272 8.67 7.0
2009 3 30 14 51 31.495303 0.59 0.516 13.489 2 42.32878 13.39447 9.61 7.0
2009 3 30 14 54 13.605659 0.28 0.523 11.801 6 42.31381 13.38686 6.27 7.0
2009 3 30 14 57 49.407386 1.33 0.72 17.06 8 42.33182 13.32714 6.21 8.0
2009 3 30 14 59 27.695303 0.66 0.746 19.503 2 42.32878 13.39447 9.61 9.0
2009 3 30 14 59 45.897807 0.44 0.68 17.314 10 42.31176 13.39056 6.63 8.0
2009 3 30 15 0 4.986133 0.42 0.428 12.152 3 42.31941 13.40577 5.37 7.0
2009 3 30 15 10 34.705659 1.19 0.95 21.459 6 42.31381 13.38686 6.27 9.0
2009 3 30 15 13 27.055616 0.91 0.514 12.311 23 42.30452 13.38779 6.69 7.0
2009 3 30 15 14 1.041039 1.2 0.579 14.877 17 42.32332 13.39272 8.67 7.0
2009 3 30 15 17 48.897807 0.43 0.56 14.264 10 42.31176 13.39056 6.63 8.0
2009 3 30 15 21 2.264544 0.86 0.926 24.771 7 42.30006 13.49527 6.81 9.0
2009 3 30 15 22 48.797807 0.45 0.51 12.986 10 42.31176 13.39056 6.63 8.0
2009 3 30 15 26 20.602849 1.08 0.61 13.667 19 42.342 13.39902 9.79 7.0
2009 3 30 15 30 46.645303 0.77 0.481 12.58 2 42.32878 13.39447 9.61 7.0
2009 3 30 15 37 9.445303 1.04 0.56 14.656 2 42.32878 13.39447 9.61 7.0
2009 3 30 15 37 13.257386 1.58 0.433 10.271 8 42.33182 13.32714 6.21 7.0
2009 3 30 15 37 21.041039 0.96 0.521 13.382 17 42.32332 13.39272 8.67 7.0
2009 3 30 15 40 5.607386 1.39 0.953 22.596 8 42.33182 13.32714 6.21 9.0
2009 3 30 15 51 9.286133 1.63 0.651 18.493 3 42.31941 13.40577 5.37 8.0
2009 3 30 15 53 5.374651 1.14 0.934 22.37 9 42.27235 13.29606 8.69 9.0
2009 3 30 15 54 4.695303 0.68 0.541 14.154 2 42.32878 13.39447 9.61 7.0
2009 3 30 15 54 44.857386 1.7 0.696 16.49 8 42.33182 13.32714 6.21 8.0
2009 3 30 15 56 39.597807 0.44 0.547 13.927 10 42.31176 13.39056 6.63 7.0
2009 3 30 15 57 21.397807 0.91 0.942 23.988 10 42.31176 13.39056 6.63 9.0
2009 3 30 16 6 59.817799 1.56 0.906 21.518 11 42.328 13.33732 11.58 9.0
2009 3 30 16 14 24.436130 2.09 0.516 14.634 3 42.31941 13.40577 5.37 8.0
2009 3 30 16 28 12.285427 1.38 0.945 19.018 12 42.31771 13.37035 10.57 9.0
2009 3 30 16 46 8.555613 1.03 0.533 12.625 23 42.30452 13.38779 6.69 8.0
2009 3 30 16 47 5.495300 0.84 0.508 13.273 2 42.32878 13.39447 9.61 7.0
2009 3 30 16 53 7.657383 0.93 0.583 13.777 8 42.33182 13.32714 6.21 7.0
2009 3 30 16 54 34.381440 0.9 0.491 12.752 13 42.31908 13.39649 8.14 7.0
2009 3 30 16 57 24.557383 2.89 0.621 14.674 8 42.33182 13.32714 6.21 8.0
2009 3 30 17 0 44.157383 0.92 0.481 11.359 8 42.33182 13.32714 6.21 7.0
2009 3 30 17 4 31.631440 1.34 0.909 23.584 13 42.31908 13.39649 8.14 9.0
2009 3 30 17 13 31.307383 1.76 0.615 14.517 8 42.33182 13.32714 6.21 8.0
2009 3 30 17 14 3.695300 0.37 0.526 13.731 2 42.32878 13.39447 9.61 7.0
2009 3 30 17 15 58.351126 1.25 0.922 21.587 14 42.33349 13.33823 7.82 9.0
2009 3 30 17 25 30.955613 0.57 0.608 14.404 23 42.30452 13.38779 6.69 8.0
2009 3 30 17 26 57.107383 1.21 0.612 14.452 8 42.33182 13.32714 6.21 8.0
2009 3 30 17 44 0.241037 1.14 0.613 15.59 17 42.32332 13.39272 8.67 7.0
2009 3 30 17 47 19.893600 1.42 0.923 21.181 15 42.34201 13.41437 7.12 9.0
2009 3 30 17 56 19.147804 0.61 0.49 12.563 10 42.31176 13.39056 6.63 8.0
2009 3 30 18 8 28.511182 0.97 0.932 20.043 16 42.30452 13.38869 7.82 9.0
2009 3 30 18 8 41.105613 0.7 0.55 13.026 23 42.30452 13.38779 6.69 9.0
2009 3 30 18 14 22.357383 2.0 0.613 14.478 8 42.33182 13.32714 6.21 8.0
2009 3 30 18 15 47.559096 1.96 0.762 16.896 21 42.4657 13.42597 19.82 9.0
2009 3 30 18 28 36.157383 1.11 0.607 14.335 8 42.33182 13.32714 6.21 8.0
2009 3 30 18 36 54.205613 0.71 0.562 13.306 23 42.30452 13.38779 6.69 8.0
2009 3 30 18 39 45.547804 0.46 0.521 13.373 10 42.31176 13.39056 6.63 8.0
2009 3 30 18 50 52.097804 0.31 0.529 13.57 10 42.31176 13.39056 6.63 7.0
2009 3 30 18 57 10.045300 0.3 0.587 15.336 2 42.32878 13.39447 9.61 7.0
2009 3 30 19 7 44.305613 0.83 0.482 11.41 23 42.30452 13.38779 6.69 7.0
2009 3 30 19 8 22.755613 1.81 0.756 17.911 23 42.30452 13.38779 6.69 9.0
2009 3 30 19 10 0.355613 1.17 0.652 15.44 23 42.30452 13.38779 6.69 7.0
2009 3 30 19 10 11.495300 0.85 0.673 17.589 2 42.32878 13.39447 9.61 8.0
2009 3 30 19 10 35.855613 1.72 0.69 16.349 23 42.30452 13.38779 6.69 8.0
2009 3 30 19 12 7.136130 2.13 0.561 15.9 3 42.31941 13.40577 5.37 7.0
2009 3 30 19 12 32.895300 0.82 0.642 16.773 2 42.32878 13.39447 9.61 9.0
2009 3 30 19 13 34.057383 2.63 0.718 16.948 8 42.33182 13.32714 6.21 8.0
2009 3 30 19 14 38.807383 0.98 0.47 11.088 8 42.33182 13.32714 6.21 7.0
2009 3 30 19 15 22.995300 0.71 0.602 15.722 2 42.32878 13.39447 9.61 9.0
2009 3 30 19 15 38.355613 0.72 0.596 14.112 23 42.30452 13.38779 6.69 8.0
2009 3 30 19 20 2.795300 0.71 0.61 15.927 2 42.32878 13.39447 9.61 8.0
2009 3 30 19 20 20.457383 1.26 0.615 14.531 8 42.33182 13.32714 6.21 8.0
2009 3 30 19 20 32.207383 2.47 0.637 15.052 8 42.33182 13.32714 6.21 8.0
2009 3 30 19 27 21.441037 1.24 0.914 23.264 17 42.32332 13.39272 8.67 9.0
2009 3 30 19 30 0.383568 1.46 0.629 12.799 18 42.32962 13.44121 2.7 8.0
2009 3 30 19 32 52.505613 2.94 0.715 16.94 23 42.30452 13.38779 6.69 9.0
2009 3 30 19 35 54.547804 0.5 0.52 13.331 10 42.31176 13.39056 6.63 8.0
2009 3 30 19 41 34.105613 0.99 0.61 14.449 23 42.30452 13.38779 6.69 8.0
2009 3 30 19 52 48.483568 1.18 0.96 19.546 18 42.32962 13.44121 2.7 9.0
2009 3 30 19 59 6.810022 1.01 0.51 10.487 0 42.38842 13.38347 11.18 9.0
2009 3 30 20 4 45.357387 2.79 0.664 15.311 8 42.33182 13.32714 6.21 8.0
2009 3 30 20 6 47.613277 0.83 0.575 11.215 20 42.33234 13.37897 8.2 7.0
2009 3 30 20 12 34.857387 1.31 0.609 14.047 8 42.33182 13.32714 6.21 8.0
2009 3 30 20 13 21.647808 0.87 0.827 20.917 10 42.31176 13.39056 6.63 9.0
2009 3 30 20 17 51.795304 1.15 0.686 17.643 2 42.32878 13.39447 9.61 8.0
2009 3 30 20 20 11.151130 1.64 0.55 12.77 14 42.33349 13.33823 7.82 7.0
2009 3 30 20 21 40.591041 1.27 0.571 14.411 17 42.32332 13.39272 8.67 7.0
2009 3 30 20 22 23.505617 1.07 0.567 13.108 23 42.30452 13.38779 6.69 7.0
2009 3 30 20 23 36.852850 1.13 0.933 20.709 19 42.342 13.39902 9.79 9.0
2009 3 30 20 23 45.143604 1.34 0.587 13.326 15 42.34201 13.41437 7.12 8.0
2009 3 30 20 24 33.897808 0.35 0.472 11.931 10 42.31176 13.39056 6.63 7.0
2009 3 30 20 34 10.581444 0.89 0.626 16.305 13 42.31908 13.39649 8.14 8.0
2009 3 30 20 37 55.055617 1.17 0.599 13.842 23 42.30452 13.38779 6.69 9.0
2009 3 30 20 43 6.647808 1.38 0.733 18.539 10 42.31176 13.39056 6.63 9.0
2009 3 30 20 43 20.583572 1.7 0.592 11.914 18 42.32962 13.44121 2.7 8.0
2009 3 30 20 43 28.347808 0.72 0.512 12.931 10 42.31176 13.39056 6.63 8.0
2009 3 30 20 43 33.683572 1.37 0.577 11.628 18 42.32962 13.44121 2.7 7.0
2009 3 30 20 44 32.647808 0.44 0.557 14.087 10 42.31176 13.39056 6.63 7.0
2009 3 30 20 48 40.891041 1.06 0.581 14.675 17 42.32332 13.39272 8.67 7.0
2009 3 30 20 52 45.705617 0.72 0.551 12.728 23 42.30452 13.38779 6.69 7.0
2009 3 30 21 6 51.645304 1.12 0.715 18.374 2 42.32878 13.39447 9.61 9.0
2009 3 30 21 17 27.705617 1.83 0.713 16.477 23 42.30452 13.38779 6.69 9.0
2009 3 30 21 19 53.783572 0.82 0.452 9.105 18 42.32962 13.44121 2.7 7.0
2009 3 30 21 20 55.455660 -0.23 0.514 11.478 6 42.31381 13.38686 6.27 7.0
2009 3 30 21 24 29.554877 1.13 0.548 13.196 24 42.31454 13.38168 7.29 9.0
2009 3 30 21 30 51.849971 0.51 0.538 11.934 5 42.256 13.45651 5.62 9.0
2009 3 30 21 35 55.963277 0.98 0.965 18.822 20 42.33234 13.37897 8.2 9.0
2009 3 30 21 37 24.459096 1.26 0.972 21.553 21 42.4657 13.42597 19.82 9.0
2009 3 30 21 38 34.305617 0.47 0.679 15.698 23 42.30452 13.38779 6.69 8.0
2009 3 30 21 59 58.283572 1.01 0.578 11.64 18 42.32962 13.44121 2.7 8.0
2009 3 30 22 1 51.905617 0.55 0.557 12.866 23 42.30452 13.38779 6.69 8.0
2009 3 30 22 4 14.441040 -0.02 0.511 12.903 17 42.32332 13.39272 8.67 7.0
2009 3 30 22 4 40.957387 1.83 0.551 12.712 8 42.33182 13.32714 6.21 8.0
2009 3 30 22 8 12.724371 1.18 0.929 24.6 22 42.31577 13.38473 6.54 9.0
2009 3 30 22 9 43.095304 -0.15 0.565 14.517 2 42.32878 13.39447 9.61 7.0
2009 3 30 22 12 39.821038 0.45 0.596 12.725 1 42.33004 13.38981 9.17 7.0
2009 3 30 22 18 38.955617 1.06 0.952 22.005 23 42.30452 13.38779 6.69 9.0
2009 3 30 22 26 44.005617 -0.06 0.482 11.137 23 42.30452 13.38779 6.69 7.0
2009 3 30 22 42 6.595304 -0.33 0.537 13.801 2 42.32878 13.39447 9.61 7.0
2009 3 30 22 52 12.904877 0.95 0.96 23.12 24 42.31454 13.38168 7.29 9.0
2009 3 30 23 7 45.837434 0.07 0.488 11.66 26 42.30401 13.38767 6.47 7.0
2009 3 30 23 11 7.105617 1.0 0.631 14.579 23 42.30452 13.38779 6.69 8.0
2009 3 30 23 21 59.312270 0.99 0.972 18.223 25 42.27312 13.25361 14.93 9.0
2009 3 30 23 46 13.705617 1.21 0.651 15.045 23 42.30452 13.38779 6.69 9.0
2009 3 30 23 55 39.987434 1.08 0.945 22.555 26 42.30401 13.38767 6.47 9.0
